143,3
185,3
185,2
185,1
185,0
182,4
182,3
182,2
182,1
182,0
151,2
151,0
150,2
150,0
149,3
149,2
149,1
149,0
148,3
148,2
148,1
148,0
147,3
147,2
147,1
147,0
146,3
146,2
146,1
146,0
145,3
145,2
145,1
145,0
144,3
144,2
144,1
144,0
143,2
143,1
143,0
142,13
142,12
142,11
142,10
142,9
142,8
142,7
142,6
142,5
142,4
142,3
142,2
142,1
142,0
141,7
141,6
141,5
141,4
141,3
141,2
141,1
141,0
140,5
140,4
140,3
140,2
140,1
140,0
139,86
139,85
139,84
139,83
139,82
139,81
139,80
139,79
139,78
139,77
139,76
139,75
139,74
139,1
139,73
136,3
136,2
136,1
20,3
20,2
20,1
19,3
19,2
19,1
0,0
150,1
150,3
151,1
151,3
0,9
198,34
198,33
